%YAML:1.0
---
K: !!opencv-matrix
   rows: 3
   cols: 3
   dt: d
   data: [ 1.5479696163662566e+03, 0., 9.2959669208125456e+02, 0.,
       1.5439444249738547e+03, 5.6950417895295755e+02, 0., 0., 1. ]
D: !!opencv-matrix
   rows: 1
   cols: 5
   dt: d
   data: [ 6.8525454086770438e-02, 2.7047665375886425e-02,
       1.7448076285335164e-03, -4.6933942740108705e-03,
       -2.4183900571021408e-01 ]
